$ANSIBLE_VAULT;1.1;AES256
66333662326436353163303335623530306163323031623532313330373463376261343537323764
3462623337353936656436653637643363643463373361380a333537303161313732656133376430
65336264393433373132636137383062623230373065656339326139353566366230363532356635
3235333736613565350a373966323130333130383730333437653562333534646335343662343930
39373639313963643863346632313364383564303964656166376432646162646134303938383738
32373266373161343130333635653636396561386634366236666332363231366363373563636366
61663135366263313037376463373433353839376537323331326466393664633863323064616535
33653562323266646239396234353466633566356137353239363238353530663464343462656634
61613231613934616133636533643935313531306233303064376438353339636665623063353566
32323139616661356634653861313039333161366263393563343064346237303963303835386432
39613433376134393339316639343761626638666438623437366233663163666361393461363035
66356635396233663463
